room_title,woe_room_url,tag_id,tag
"Escape room ""Bomb Squad"" by TrappedKC in Kansas City",https://worldofescapes.com/kansas-city/quests/trappedkc-bomb-squad,0,Public Ticketing
"Escape room ""Bomb Squad"" by TrappedKC in Kansas City",https://worldofescapes.com/kansas-city/quests/trappedkc-bomb-squad,1,Up to ten players
